0.1497094659656661 0.6519160887678583 0.17310264835956501 
-0.9485194055188977 0.7755779233878559 -0.2730419592104802 
-0.40389456599682855 -0.17803930721084613 0.053947857981667166 
0.006841508633560617 -0.024872635450087 -0.4903627603158052 
-0.1317351531014656 -0.23402612836960976 -0.2010464348943052 
0.35817509685443055 -0.3629635580543339 -0.47195912829842834 
0.633732057029752 -0.5019123872856356 -0.6672005433007492 
0.12277199104881595 -0.40670713662538915 -0.21886241167350823 
0.11161314899492457 -0.5674194585088966 -0.07365824956065903 
-0.9255753927594725 -0.2000734713349272 0.6169309402479549 
-0.7617558135518521 0.47603242523129474 -0.1802647689282479 
